For k = 1

*********CONFUSION_MATRIX**********

[[4 0 0 0 0 0 0 0 0 0 0 0 0 0]
 [0 3 0 0 0 0 0 0 0 0 0 0 0 0]
 [0 0 4 0 0 0 0 0 0 0 0 0 0 0]
 [0 0 0 4 0 0 0 0 0 0 0 0 0 0]
 [0 0 0 0 3 0 0 0 0 0 0 0 0 0]
 [0 0 0 0 0 4 0 0 0 0 0 0 0 0]
 [0 0 0 0 0 0 3 0 0 0 0 0 0 0]
 [0 0 0 0 0 0 0 3 0 0 0 0 0 0]
 [0 0 0 0 0 0 0 0 4 0 0 0 0 0]
 [0 0 0 0 0 0 0 0 0 4 0 0 0 0]
 [0 0 0 0 0 0 0 0 0 0 1 0 0 0]
 [0 0 0 0 0 0 0 0 0 0 0 2 0 0]
 [0 0 0 0 0 0 0 0 0 0 0 0 4 0]
 [0 0 0 0 0 0 0 0 0 0 0 0 0 4]]
Accuracy : 1.00
Recall : 1.00
f1 Score : 1.00

***********REPORT*************
              precision    recall  f1-score   support

    17BCS001       1.00      1.00      1.00         4
    17BCS003       1.00      1.00      1.00         3
    17BCS005       1.00      1.00      1.00         4
    17BCS007       1.00      1.00      1.00         4
    17BCS009       1.00      1.00      1.00         3
    17BCS011       1.00      1.00      1.00         4
    17BCS013       1.00      1.00      1.00         3
    17BCS017       1.00      1.00      1.00         3
    17BCS019       1.00      1.00      1.00         4
    17BCS023       1.00      1.00      1.00         4
    17BCS029       1.00      1.00      1.00         1
    17BCS031       1.00      1.00      1.00         2
    17BCS033       1.00      1.00      1.00         4
    17BCS037       1.00      1.00      1.00         4

    accuracy                           1.00        47
   macro avg       1.00      1.00      1.00        47
weighted avg       1.00      1.00      1.00        47


For k = 3

*********CONFUSION_MATRIX**********

[[4 0 0 0 0 0 0 0 0 0 0 0 0 0]
 [0 2 0 0 0 0 1 0 0 0 0 0 0 0]
 [0 1 3 0 0 0 0 0 0 0 0 0 0 0]
 [0 0 1 2 1 0 0 0 0 0 0 0 0 0]
 [1 0 0 0 2 0 0 0 0 0 0 0 0 0]
 [0 1 0 0 0 2 0 0 0 1 0 0 0 0]
 [0 1 0 0 0 0 2 0 0 0 0 0 0 0]
 [1 0 0 0 1 0 0 0 0 1 0 0 0 0]
 [1 1 0 0 0 0 0 0 0 2 0 0 0 0]
 [0 0 1 0 0 0 0 0 0 3 0 0 0 0]
 [0 0 0 1 0 0 0 0 0 0 0 0 0 0]
 [0 0 0 0 0 0 0 1 0 1 0 0 0 0]
 [0 0 0 0 1 0 1 0 0 1 0 0 1 0]
 [0 0 0 0 0 0 0 0 0 0 0 0 0 4]]
Accuracy : 0.53
Recall : 0.48
f1 Score : 0.43

***********REPORT*************
              precision    recall  f1-score   support

    17BCS001       0.57      1.00      0.73         4
    17BCS003       0.33      0.67      0.44         3
    17BCS005       0.60      0.75      0.67         4
    17BCS007       0.67      0.50      0.57         4
    17BCS009       0.40      0.67      0.50         3
    17BCS011       1.00      0.50      0.67         4
    17BCS013       0.50      0.67      0.57         3
    17BCS017       0.00      0.00      0.00         3
    17BCS019       1.00      0.00      0.00         4
    17BCS023       0.33      0.75      0.46         4
    17BCS029       1.00      0.00      0.00         1
    17BCS031       1.00      0.00      0.00         2
    17BCS033       1.00      0.25      0.40         4
    17BCS037       1.00      1.00      1.00         4

    accuracy                           0.53        47
   macro avg       0.67      0.48      0.43        47
weighted avg       0.67      0.53      0.48        47


For k = 5

*********CONFUSION_MATRIX**********

[[2 0 0 0 2 0 0 0 0 0 0 0 0 0]
 [0 1 0 0 0 0 1 0 0 1 0 0 0 0]
 [0 0 4 0 0 0 0 0 0 0 0 0 0 0]
 [0 0 1 1 1 0 1 0 0 0 0 0 0 0]
 [1 0 0 0 2 0 0 0 0 0 0 0 0 0]
 [0 1 0 0 0 0 0 0 0 3 0 0 0 0]
 [0 0 0 0 0 0 3 0 0 0 0 0 0 0]
 [0 0 0 0 2 0 0 0 0 1 0 0 0 0]
 [0 0 0 0 0 0 0 0 0 3 0 0 0 1]
 [0 0 1 0 0 0 0 0 0 3 0 0 0 0]
 [1 0 0 0 0 0 0 0 0 0 0 0 0 0]
 [0 0 0 0 0 0 0 0 0 2 0 0 0 0]
 [2 0 0 0 0 0 0 0 0 2 0 0 0 0]
 [0 0 0 0 0 0 0 0 0 0 0 0 0 4]]
Accuracy : 0.43
Recall : 0.39
f1 Score : 0.31

***********REPORT*************
              precision    recall  f1-score   support

    17BCS001       0.33      0.50      0.40         4
    17BCS003       0.50      0.33      0.40         3
    17BCS005       0.67      1.00      0.80         4
    17BCS007       1.00      0.25      0.40         4
    17BCS009       0.29      0.67      0.40         3
    17BCS011       1.00      0.00      0.00         4
    17BCS013       0.60      1.00      0.75         3
    17BCS017       1.00      0.00      0.00         3
    17BCS019       1.00      0.00      0.00         4
    17BCS023       0.20      0.75      0.32         4
    17BCS029       1.00      0.00      0.00         1
    17BCS031       1.00      0.00      0.00         2
    17BCS033       1.00      0.00      0.00         4
    17BCS037       0.80      1.00      0.89         4

    accuracy                           0.43        47
   macro avg       0.74      0.39      0.31        47
weighted avg       0.73      0.43      0.34        47


